Date,dEast,dEast_err,dNorth,dNorth_err
1996.221,1.04,0.2,-2.09,0.6
1996.252,1.06,0.2,-2.18,0.6
1997.211,4.53,0.2,2.76,0.6
1997.241,4.62,0.2,2.44,0.6
1998.202,7.65,0.2,8.34,0.6
1998.230,7.65,0.2,8.10,0.6
1999.791,12.87,0.2,17.79,0.6
1999.799,12.64,0.2,17.18,0.6
1999.805,12.94,0.2,17.84,0.6
2000.232,13.98,0.2,20.05,0.6
2000.238,14.13,0.2,20.54,0.6
2000.246,13.95,0.2,19.90,0.6
2003.264,23.42,0.2,37.89,0.6
2003.318,23.96,0.2,37.17,0.6
2007.253,36.16,0.2,59.41,0.6
2007.264,36.40,0.2,59.60,0.6
2007.280,36.42,0.2,59.58,0.6
2013.119,54.71,0.2,91.93,0.6
2013.146,54.82,0.2,92.04,0.6